0 1 / /
1 2 0 0
1 2 1 1
1 2 2 2
1 2 3 3

2 3 0 0
2 3 1 1
2 3 2 2
2 3 3 3
2 3 4 4
2 3 5 5
2 3 6 6
2 3 7 7
2 3 8 8
2 3 9 9

1 5 1 0
1 6 2 0
1 7 3 0
1 8 4 0
1 9 5 0
1 10 6 0
1 11 7 0
1 12 8 0
1 13 9 0

5 3 eps 1
6 3 eps 2
7 3 eps 3
8 3 eps 4
9 3 eps 5
10 3 eps 6
11 3 eps 7
12 3 eps 8
13 3 eps 9

3 14 / /

14 15 2 2
15 16 0 0
16 17 0 0 
17 19 1 1
17 19 2 2
17 19 3 3
17 19 4 4
17 19 5 5
17 19 6 6
17 19 7 7
17 19 8 8
17 19 9 9

16 18 1 1
16 18 2 2
16 18 3 3
16 18 4 4
16 18 5 5
16 18 6 6
16 18 7 7
16 18 8 8
16 18 9 9

18 19 0 0
18 19 1 1
18 19 2 2
18 19 3 3
18 19 4 4
18 19 5 5
18 19 6 6
18 19 7 7
18 19 8 8
18 19 9 9

19
